%YAML:1.0
bg-sgmt_combinations: !!opencv-matrix
   rows: 4
   cols: 10
   dt: d
   data: [ 0., 30., 0., 9.9999000000000005e-001, 9., 2.,
       5.0000000000000001e-003, 5.9999999999999998e-002,
       1.9999999552965164e-002, 1.2500000000000000e-001, 1., 10., 0.,
       9.8999999999999999e-001, 9., 1., 5.0000000000000001e-003,
       4.0000000000000001e-002, 1.9999999552965164e-002,
       1.2500000000000000e-001, 2., 30., 0., 9.9999000000000005e-001,
       16., 2., 5.0000000000000001e-003, 5.9999999999999998e-002,
       1.9999999552965164e-002, 1.2500000000000000e-001, 3., 30., 0.,
       9.9999000000000005e-001, 25., -1., 5.0000000000000001e-003,
       2.0000000000000000e-002, 1.9999999552965164e-002,
       1.2500000000000000e-001 ]
scores_indices: !!opencv-matrix
   rows: 4
   cols: 1
   dt: i
   data: [ 0, 1, 2, 3 ]
scores_combinations: !!opencv-matrix
   rows: 4
   cols: 10
   dt: d
   data: [ 0., 30., 0., 9.9999000000000005e-001, 9., 2.,
       5.0000000000000001e-003, 5.9999999999999998e-002,
       1.9999999552965164e-002, 1.2500000000000000e-001, 1., 10., 0.,
       9.8999999999999999e-001, 9., 1., 5.0000000000000001e-003,
       4.0000000000000001e-002, 1.9999999552965164e-002,
       1.2500000000000000e-001, 2., 30., 0., 9.9999000000000005e-001,
       16., 2., 5.0000000000000001e-003, 5.9999999999999998e-002,
       1.9999999552965164e-002, 1.2500000000000000e-001, 3., 30., 0.,
       9.9999000000000005e-001, 25., -1., 5.0000000000000001e-003,
       2.0000000000000000e-002, 1.9999999552965164e-002,
       1.2500000000000000e-001 ]
...
---
positions_3-16-0: !!opencv-matrix
   rows: 6
   cols: 2
   dt: "3f"
   data: [ 1.57228708e-001, -3.10783554e-002, 2.13607574e+000,
       -2.58830130e-001, 3.16845477e-001, 1.47443640e+000,
       3.96015286e-001, 1.54865205e-001, 1.74513018e+000,
       -6.52467430e-001, 1.82481602e-001, 1.67898250e+000,
       1.58293292e-001, 8.89921561e-002, 1.78315735e+000, 0., 0., 0.,
       -9.10749957e-002, 1.24200836e-001, 1.86324668e+000,
       -2.74984062e-001, 1.66550592e-001, 1.77099955e+000,
       5.49279928e-001, -8.11431848e-004, 1.82050586e+000,
       -6.79687023e-001, 2.56668538e-001, 1.41496265e+000,
       4.82847542e-003, 9.72781926e-002, 1.90842557e+000, 0., 0., 0. ]
scores_3-16-0: !!opencv-matrix
   rows: 6
   cols: 10
   dt: f
   data: [ 8.27724636e-001, 8.91504526e-001, 9.32717443e-001,
       8.18094730e-001, 7.59815156e-001, 7.87606657e-001,
       8.76535475e-001, 9.31341588e-001, 8.41088772e-001,
       7.42158830e-001, 8.36618543e-001, 8.70723546e-001,
       9.65260923e-001, 8.78582001e-001, 7.89593041e-001,
       8.61888170e-001, 8.81452382e-001, 9.60892439e-001,
       9.05091107e-001, 8.11284482e-001, 7.74556160e-001,
       7.45318770e-001, 7.15577245e-001, 7.41586030e-001,
       7.03681648e-001, 0., 0., 0., 0., 0., 8.00804496e-001,
       8.03213000e-001, 8.47040951e-001, 8.43724787e-001,
       7.54664183e-001, 8.37072134e-001, 8.74210238e-001,
       8.86282027e-001, 8.07265460e-001, 8.21863472e-001,
       7.27938712e-001, 7.69026935e-001, 7.96133935e-001,
       8.88524652e-001, 6.98809624e-001, 7.77182996e-001,
       7.96085775e-001, 8.85026991e-001, 9.23720896e-001,
       6.97310805e-001, 9.59263027e-001, 9.38878238e-001,
       9.43520129e-001, 8.28302085e-001, 8.90407503e-001, 0., 0., 0., 0.,
       0. ]
...
---
positions_3-16-1: !!opencv-matrix
   rows: 6
   cols: 2
   dt: "3f"
   data: [ 1.53239042e-001, -2.85018664e-002, 2.13776088e+000,
       -2.59179205e-001, 3.16533118e-001, 1.47524202e+000,
       4.10701841e-001, 1.56339362e-001, 1.76280129e+000,
       -6.51755869e-001, 1.82398111e-001, 1.67326093e+000,
       1.59386992e-001, 8.03464875e-002, 1.78940082e+000, 0., 0., 0.,
       -5.25064906e-003, 1.51633635e-001, 1.79837251e+000,
       -2.72980332e-001, 1.64973900e-001, 1.77011335e+000,
       5.55706143e-001, 5.65539161e-003, 1.84590900e+000, 0., 0., 0.,
       4.69967909e-003, 9.74876061e-002, 1.91042244e+000, 0., 0., 0. ]
scores_3-16-1: !!opencv-matrix
   rows: 6
   cols: 10
   dt: f
   data: [ 8.34524810e-001, 8.99362445e-001, 9.36811864e-001,
       8.13834190e-001, 7.72045016e-001, 7.61153400e-001,
       8.97220075e-001, 9.06658649e-001, 8.41116667e-001,
       6.96705163e-001, 8.46719146e-001, 8.61907899e-001,
       9.66555059e-001, 8.78263533e-001, 8.01635802e-001,
       8.52696776e-001, 8.79655063e-001, 9.61403251e-001,
       9.04043734e-001, 7.98075318e-001, 7.91155338e-001,
       7.86447048e-001, 7.34817028e-001, 6.93569243e-001,
       7.44470775e-001, 0., 0., 0., 0., 0., 8.50733221e-001,
       8.27991009e-001, 8.75296593e-001, 8.40866804e-001,
       8.15643907e-001, 8.47379506e-001, 8.81870151e-001,
       8.88517916e-001, 8.04621696e-001, 8.29943061e-001,
       8.48190725e-001, 8.06691289e-001, 8.73993993e-001,
       9.16119337e-001, 7.54237890e-001, 0., 0., 0., 0., 0.,
       9.65387821e-001, 9.36523139e-001, 9.43144679e-001,
       8.34280670e-001, 8.99054050e-001, 0., 0., 0., 0., 0. ]
...
---
positions_3-16-2: !!opencv-matrix
   rows: 5
   cols: 2
   dt: "3f"
   data: [ 5.90079790e-003, 9.90271941e-002, 1.90725553e+000,
       -2.41196707e-001, 1.64656982e-001, 1.78325152e+000,
       1.58449888e-001, -3.01032048e-002, 2.13856840e+000,
       -2.60073155e-001, 3.16078514e-001, 1.47481835e+000,
       4.05442655e-001, 1.57436788e-001, 1.76021361e+000,
       -6.51882231e-001, 1.82037681e-001, 1.67434275e+000,
       1.59701854e-001, 8.56621861e-002, 1.78896618e+000,
       -4.05150652e-001, 1.69474319e-001, 1.70746017e+000,
       5.54292083e-001, 1.85116753e-003, 1.84435904e+000,
       -6.78300679e-001, 2.50512421e-001, 1.40760231e+000 ]
scores_3-16-2: !!opencv-matrix
   rows: 5
   cols: 10
   dt: f
   data: [ 9.18364644e-001, 8.90357852e-001, 9.29191709e-001,
       8.00037146e-001, 8.30460608e-001, 9.05281842e-001,
       9.03306365e-001, 9.20023143e-001, 8.16823244e-001,
       8.29447031e-001, 7.99131453e-001, 9.01974261e-001,
       9.10441279e-001, 8.27840626e-001, 7.11462975e-001,
       7.79646814e-001, 9.01214957e-001, 9.25603449e-001,
       8.49966049e-001, 7.18791604e-001, 8.34414959e-001,
       8.71509373e-001, 9.64049816e-001, 8.78521323e-001,
       7.77188301e-001, 8.62306833e-001, 8.80052805e-001,
       9.66222227e-001, 9.04618025e-001, 8.12407792e-001,
       7.42574990e-001, 7.23387659e-001, 7.11287916e-001,
       7.17438757e-001, 6.95202768e-001, 6.22153401e-001,
       7.46224284e-001, 7.28728831e-001, 7.48710275e-001,
       7.96973348e-001, 8.42249215e-001, 8.15117240e-001,
       8.93910527e-001, 9.38393772e-001, 7.65505791e-001,
       7.69105613e-001, 7.82148838e-001, 9.09990847e-001,
       8.92301619e-001, 6.87160313e-001 ]
...
---
positions_3-16-3: !!opencv-matrix
   rows: 6
   cols: 2
   dt: "3f"
   data: [ 1.53856933e-001, -2.98596174e-002, 2.13865376e+000,
       -2.55998433e-001, 3.14956456e-001, 1.47286248e+000,
       4.04368043e-001, 1.56504139e-001, 1.76080239e+000,
       -6.46943569e-001, 1.80885762e-001, 1.65942097e+000,
       1.59747198e-001, 7.96144307e-002, 1.78939307e+000, 0., 0., 0.,
       -2.64025461e-002, 1.49685785e-001, 1.79907620e+000,
       -2.75083452e-001, 1.64913610e-001, 1.76449883e+000,
       5.54681838e-001, 7.87153281e-003, 1.84745610e+000,
       -6.66244328e-001, 2.39886969e-001, 1.37797809e+000,
       4.39232215e-003, 9.67959613e-002, 1.91065741e+000, 0., 0., 0. ]
