%YAML:1.0
bg-sgmt_combinations: !!opencv-matrix
   rows: 4
   cols: 10
   dt: d
   data: [ 0., 30., 0., 9.9999000000000005e-01, 9., 2.,
       5.0000000000000001e-03, 5.9999999999999998e-02,
       1.9999999552965164e-02, 1.2500000000000000e-01, 1., 10., 0.,
       9.8999999999999999e-01, 9., 1., 5.0000000000000001e-03,
       4.0000000000000001e-02, 1.9999999552965164e-02,
       1.2500000000000000e-01, 2., 30., 0., 9.9999000000000005e-01, 16.,
       2., 5.0000000000000001e-03, 5.9999999999999998e-02,
       1.9999999552965164e-02, 1.2500000000000000e-01, 3., 30., 0.,
       9.9999000000000005e-01, 25., -1., 5.0000000000000001e-03,
       2.0000000000000000e-02, 1.9999999552965164e-02,
       1.2500000000000000e-01 ]
scores_indices: !!opencv-matrix
   rows: 4
   cols: 1
   dt: i
   data: [ 0, 1, 2, 3 ]
scores_combinations: !!opencv-matrix
   rows: 4
   cols: 10
   dt: d
   data: [ 0., 30., 0., 9.9999000000000005e-01, 9., 2.,
       5.0000000000000001e-03, 5.9999999999999998e-02,
       1.9999999552965164e-02, 1.2500000000000000e-01, 1., 10., 0.,
       9.8999999999999999e-01, 9., 1., 5.0000000000000001e-03,
       4.0000000000000001e-02, 1.9999999552965164e-02,
       1.2500000000000000e-01, 2., 30., 0., 9.9999000000000005e-01, 16.,
       2., 5.0000000000000001e-03, 5.9999999999999998e-02,
       1.9999999552965164e-02, 1.2500000000000000e-01, 3., 30., 0.,
       9.9999000000000005e-01, 25., -1., 5.0000000000000001e-03,
       2.0000000000000000e-02, 1.9999999552965164e-02,
       1.2500000000000000e-01 ]
...
---
positions_3-18-0: !!opencv-matrix
   rows: 8
   cols: 2
   dt: "3f"
   data: [ 6.80713728e-02, 1.28305778e-01, 1.84618592e+00, 0., 0., 0.,
       5.62477767e-01, 3.82891018e-03, 1.86325049e+00, 0., 0., 0.,
       3.81054014e-01, 5.46672307e-02, 1.97590268e+00, 0., 0., 0.,
       5.28861023e-02, 5.45819215e-02, 1.99067748e+00, 0., 0., 0.,
       2.19197199e-02, 7.11392146e-03, 2.08055377e+00, 0., 0., 0.,
       1.80427909e-01, -2.31014611e-03, 1.97410560e+00, 0., 0., 0.,
       -1.02865815e-01, 8.33285786e-03, 2.06615114e+00, 0., 0., 0., 0.,
       0., 0., -1.41198277e-01, 3.88906598e-01, 1.41184843e+00 ]
scores_3-18-0: !!opencv-matrix
   rows: 8
   cols: 10
   dt: f
   data: [ 8.62196863e-01, 8.74215901e-01, 8.93886983e-01,
       8.65836561e-01, 8.29901755e-01, 0., 0., 0., 0., 0.,
       8.49090695e-01, 8.32249284e-01, 8.52172375e-01, 9.09540713e-01,
       7.72096574e-01, 0., 0., 0., 0., 0., 8.46099913e-01,
       8.71990681e-01, 9.54638600e-01, 8.71753156e-01, 7.99262702e-01,
       0., 0., 0., 0., 0., 9.65684593e-01, 9.37726676e-01,
       9.54300642e-01, 8.47703695e-01, 9.09463406e-01, 0., 0., 0., 0.,
       0., 7.80058801e-01, 7.85777390e-01, 8.16788673e-01,
       7.93334484e-01, 7.15398371e-01, 0., 0., 0., 0., 0.,
       7.00077116e-01, 6.69221580e-01, 6.44164085e-01, 6.34108365e-01,
       6.66538060e-01, 0., 0., 0., 0., 0., 9.51743782e-01,
       9.78274941e-01, 9.78465497e-01, 9.15621638e-01, 9.61094081e-01,
       0., 0., 0., 0., 0., 0., 0., 0., 0., 0., 7.47123599e-01,
       8.11789989e-01, 8.00430179e-01, 7.29577541e-01, 7.27288544e-01 ]
...
---
positions_3-18-2: !!opencv-matrix
   rows: 6
   cols: 2
   dt: "3f"
   data: [ 5.58028102e-01, -4.30360623e-03, 1.84782374e+00, 0., 0., 0.,
       3.50807339e-01, 5.82820475e-02, 1.95295060e+00, 0., 0., 0.,
       5.28142378e-02, 5.54237738e-02, 1.98582983e+00, 0., 0., 0.,
       2.14057397e-02, 5.29130269e-03, 2.08448887e+00, 0., 0., 0.,
       1.73874646e-01, 6.29704329e-04, 1.95670927e+00, 0., 0., 0., 0.,
       0., 0., -2.28915676e-01, 3.98607880e-01, 1.38772213e+00 ]
scores_3-18-2: !!opencv-matrix
   rows: 6
   cols: 10
   dt: f
   data: [ 7.65325427e-01, 7.60580063e-01, 8.24062526e-01,
       9.11079586e-01, 7.29101002e-01, 0., 0., 0., 0., 0.,
       8.40915203e-01, 8.80332053e-01, 9.71775353e-01, 8.88015211e-01,
       7.93244660e-01, 0., 0., 0., 0., 0., 9.67538416e-01,
       9.38690841e-01, 9.54660833e-01, 8.45543861e-01, 9.04802024e-01,
       0., 0., 0., 0., 0., 7.84883738e-01, 7.92512000e-01,
       8.04536879e-01, 7.89803267e-01, 7.03347445e-01, 0., 0., 0., 0.,
       0., 7.02132344e-01, 6.78479552e-01, 6.59698904e-01,
       6.33985400e-01, 7.29080439e-01, 0., 0., 0., 0., 0., 0., 0., 0.,
       0., 0., 7.25660503e-01, 7.73830056e-01, 7.85335004e-01,
       7.35113025e-01, 7.06198275e-01 ]
...
---
positions_3-18-3: !!opencv-matrix
   rows: 6
   cols: 2
   dt: "3f"
   data: [ 5.03862500e-02, 5.45745753e-02, 1.99125981e+00, 0., 0., 0.,
       3.66441280e-01, 6.01337254e-02, 1.96641159e+00, 0., 0., 0.,
       5.62525511e-01, 5.82345249e-03, 1.87240732e+00, 0., 0., 0.,
       1.82133123e-01, -4.08963487e-03, 1.97703862e+00, 0., 0., 0.,
       -1.03909835e-01, 8.35319050e-03, 2.06299210e+00, 0., 0., 0., 0.,
       0., 0., -2.39052281e-01, 3.98841619e-01, 1.38309789e+00 ]
scores_3-18-3: !!opencv-matrix
   rows: 6
   cols: 10
   dt: f
   data: [ 8.94895971e-01, 8.76728773e-01, 9.27590847e-01,
       7.92660773e-01, 8.07766676e-01, 0., 0., 0., 0., 0.,
       8.30879033e-01, 8.69161427e-01, 9.58275557e-01, 8.74735832e-01,
       7.78730631e-01, 0., 0., 0., 0., 0., 8.40041399e-01,
       8.16663682e-01, 8.53882432e-01, 8.72269809e-01, 7.44507670e-01,
       0., 0., 0., 0., 0., 6.76504314e-01, 6.64751530e-01,
       6.41911805e-01, 6.23906374e-01, 6.61404610e-01, 0., 0., 0., 0.,
       0., 9.08346415e-01, 9.40899968e-01, 9.50714886e-01,
       9.04242277e-01, 9.34762657e-01, 0., 0., 0., 0., 0., 0., 0., 0.,
       0., 0., 7.43633807e-01, 7.91597605e-01, 8.21300149e-01,
       7.92832851e-01, 7.20994234e-01 ]
...
---
positions_3-18-1: !!opencv-matrix
   rows: 7
   cols: 2
   dt: "3f"
   data: [ 5.65220118e-01, 5.51782968e-03, 1.87999427e+00, 0., 0., 0.,
       3.60263973e-01, 5.39271235e-02, 1.98724425e+00, 0., 0., 0.,
       5.31140454e-02, 5.61747141e-02, 1.99009418e+00, 0., 0., 0.,
       2.41679866e-02, 9.35263187e-03, 2.08027148e+00, 0., 0., 0.,
       1.81293085e-01, -2.05644616e-03, 1.97853971e+00, 0., 0., 0., 0.,
       0., 0., -2.26414368e-01, 3.97658825e-01, 1.38606393e+00, 0., 0.,
       0., -2.70712435e-01, 1.83996513e-01, 1.75146413e+00 ]
scores_3-18-1: !!opencv-matrix
   rows: 7
   cols: 10
   dt: f
   data: [ 8.41053069e-01, 8.28333557e-01, 8.50224733e-01,
       8.93609822e-01, 7.42731154e-01, 0., 0., 0., 0., 0.,
       8.25130165e-01, 8.74011457e-01, 9.50992584e-01, 8.73027325e-01,
       7.75964320e-01, 0., 0., 0., 0., 0., 9.65496123e-01,
       9.32163715e-01, 9.49359417e-01, 8.44559848e-01, 9.03763175e-01,
       0., 0., 0., 0., 0., 7.16079772e-01, 7.42870152e-01,
       7.68039405e-01, 7.48290896e-01, 6.88443005e-01, 0., 0., 0., 0.,
       0., 6.89025223e-01, 6.88132584e-01, 6.51224494e-01,
       6.10305667e-01, 7.11486340e-01, 0., 0., 0., 0., 0., 0., 0., 0.,
       0., 0., 7.61976004e-01, 8.08928490e-01, 8.12529743e-01,
       7.41441131e-01, 7.42995799e-01, 0., 0., 0., 0., 0.,
       9.64833021e-01, 9.48419392e-01, 9.51865554e-01, 8.80625308e-01,
       9.25910115e-01 ]
...
---
positions_3-18-6: !!opencv-matrix
   rows: 3
   cols: 2
   dt: "3f"
   data: [ 5.67213774e-01, 1.79515756e-03, 1.87359667e+00, 0., 0., 0.,
       3.63676786e-01, 5.73913194e-02, 1.97571456e+00, 0., 0., 0.,
       1.81907594e-01, -2.47758697e-03, 1.97521448e+00, 0., 0., 0. ]
scores_3-18-6: !!opencv-matrix
   rows: 3
   cols: 10
   dt: f
   data: [ 8.59115541e-01, 8.26329529e-01, 8.57495904e-01,
       9.01922464e-01, 7.61521816e-01, 0., 0., 0., 0., 0.,
       8.38768959e-01, 8.81094098e-01, 9.65169847e-01, 8.77634466e-01,
       7.84466743e-01, 0., 0., 0., 0., 0., 6.84800565e-01,
       7.06450820e-01, 6.51207209e-01, 6.26966119e-01, 7.28448510e-01,
       0., 0., 0., 0., 0. ]
...
---
